%YAML:1.0

#calib0
# cam0:
#   T_cam_imu:
#     - [0.00279091872794991, -0.9990874582652116, 0.04261996609353807, 0.0005332450916263744]
#     - [-0.999963200910295, -0.002442547126798022, 0.008223794061835054, 0.028369123959889803]
#     - [-0.008112188230809315, -0.04264134965844453, -0.9990575097067312, -0.07833340545528238]
#     - [0.0, 0.0, 0.0, 1.0]
#   cam_overlaps: []
#   camera_model: pinhole
#   distortion_coeffs: [0.03458671, -0.15489642, -0.00036472, 0.00026632]
#   distortion_model: radtan
#   intrinsics: [629.8477, 629.7639, 492.1117, 277.6097]
#   resolution: [960, 540]
#   rostopic: /camera/image_raw
#   timeshift_cam_imu: -0.027663288044167733



#calib1
cam0:
  T_cam_imu:
    - [0.01842092603029718, -0.9998285177210087, -0.001898587895595526, -0.011205629146213486]
    - [-0.9998275345972081, -0.018425324062725824, 0.0023256170046567974, -0.00015243877131663043]
    - [-0.0023602002997906934, 0.0018554204360517923, -0.9999954934246208, -0.12025090725589667]
    - [0.0, 0.0, 0.0, 1.0]
  cam_overlaps: []
  camera_model: pinhole
  distortion_coeffs: [0.024695570573106992, -0.029349201691012974, 0.00032864355328926395, 0.0003252515351835421]
  distortion_model: radtan
  intrinsics: [631.8121282110981, 630.5950123045492, 475.2380600438913, 297.61583384199184]
  resolution: [960, 540]
  rostopic: /camera/image_raw
  timeshift_cam_imu: -0.027495113771703755
