cam0:
  T_cam_imu:
  - [0.01842092603029718, -0.9998285177210087, -0.001898587895595526, -0.011205629146213486]
  - [-0.9998275345972081, -0.018425324062725824, 0.0023256170046567974, -0.00015243877131663043]
  - [-0.0023602002997906934, 0.0018554204360517923, -0.9999954934246208, -0.12025090725589667]
  - [0.0, 0.0, 0.0, 1.0]
  cam_overlaps: []
  camera_model: pinhole
  distortion_coeffs: [0.024695570573106992, -0.029349201691012974, 0.00032864355328926395, 0.0003252515351835421]
  distortion_model: radtan
  intrinsics: [631.8121282110981, 630.5950123045492, 475.2380600438913, 297.61583384199184]
  resolution: [960, 540]
  rostopic: /camera/image_raw
  timeshift_cam_imu: -0.027495113771703755
