cam0:
  T_cam_imu:
  - [0.00279091872794991, -0.9990874582652116, 0.04261996609353807, 0.0005332450916263744]
  - [-0.999963200910295, -0.002442547126798022, 0.008223794061835054, 0.028369123959889803]
  - [-0.008112188230809315, -0.04264134965844453, -0.9990575097067312, -0.07833340545528238]
  - [0.0, 0.0, 0.0, 1.0]
  cam_overlaps: []
  camera_model: pinhole
  distortion_coeffs: [0.03458671, -0.15489642, -0.00036472, 0.00026632]
  distortion_model: radtan
  intrinsics: [629.8477, 629.7639, 492.1117, 277.6097]
  resolution: [960, 540]
  rostopic: /camera/image_raw
  timeshift_cam_imu: -0.027663288044167733
